4023872600770937735437024339230039857193748642107146325437999104299385123986290205920442084869694048
0047998861019719605863166687299480855890132382966994459099742450408707375991882362772718873251977950
5950995276120874975462497043601418278094646496291056393887437886487337119181045825783647849977012476
6328898359557354325131853239584630755574091142624174743493475534286465766116677973966688202912073791
4385371958824980812686783837455973174613608537953452422158659320192809087829730843139284440328123155
8611036976801357304216168747609675871348312025478589320767169132448426236131412508780208000261683151
0273418279777047846358681701643650241536913982812648102130927612448963599287051149649754199093422215
6683257208082133318611681155361583654698404670897560290095053761647584772842188967964624494516076535
3408198901385442487984959953319101723355556602139450399736280750137837615307127761926849034352625200
0158885351473316117021039681759215109077880193931781141945452572238655414610628921879602238389714760
8850627686296714667469756291123408243920816015378088989396451826324367161676217916890977991190375403
1274622289988005195444414282012187361745992642956581746628302955570299024324153181617210465832036786
9061172601587835207515162842255402651704833042261439742869330616908979684825901254583271682264580665
2676995865268227280707578139185817888965220816434834482599326604336766017699961283186078838615027946
5955131156552036093988180612138558600301435694527224206344631797460594682573103790084024432438465657
2450144028218852524709351906209290231364932734975655139587205596542287497740114133469627154228458623
7738753823048386568897646192738381490014076731044664025989949022222176590433990188601856652648506179
9702356193897017860040811889729918311021171229845901641921068884387121855646124960798722908519296819
3723886426148396573822911231250241866493531439701374285319266498753372189406942814341185201580141233
4482801505139969429015348307764456909907315243327828826986460278986432113908350621709500259738986355
4277196742822248757586765752344220207573630569498825087968928162753848863396909959826280956121450994
8717012445164612603790293091208890869420285106401821543994571568059418727489980942547421735824010636
7740459574178516082923013535808184009699637252423056085590370062427124341690900415369010593398383577
7939410970027753472000000000000000000000000000000000000000000000000000000000000000000000000000000000
0000000000000000000000000000000000000000000000000000000000000000000000000000000000000000000000000000
00000000000000000000000000000000000000000000000000000000000000000000
